 1950    1   -2.3400
 1950    2   -1.0400
 1950    3    0.2400
 1950    4    0.0100
 1950    5   -0.5500
 1950    6   -1.9700
 1950    7   -0.4300
 1950    8    0.8200
 1950    9   -1.1500
 1950   10    0.4900
 1950   11   -1.8100
 1950   12    0.0200
 1951    1   -0.4100
 1951    2   -1.3600
 1951    3   -0.8100
 1951    4    0.7300
 1951    5    1.2600
 1951    6   -0.6100
 1951    7   -0.0200
 1951    8    0.0500
 1951    9   -0.0500
 1951   10    0.2400
 1951   11    0.2300
 1951   12   -1.2900
 1952    1   -1.9800
 1952    2    0.2800
 1952    3   -0.4000
 1952    4    1.1600
 1952    5   -0.9900
 1952    6    0.3900
 1952    7   -1.2300
 1952    8    0.8000
 1952    9    0.5300
 1952   10    0.8000
 1952   11    0.8200
 1952   12    0.9300
 1953    1    0.6500
 1953    2    1.0000
 1953    3   -0.1500
 1953    4    1.0500
 1953    5    1.2000
 1953    6   -1.6000
 1953    7    0.7400
 1953    8   -1.1200
 1953    9   -0.1200
 1953   10    1.9100
 1953   11    1.6500
 1953   12    1.2700
 1954    1   -1.1400
 1954    2   -0.1400
 1954    3   -1.1700
 1954    4   -2.7000
 1954    5    0.6400
 1954    6   -0.0200
 1954    7    0.3000
 1954    8   -0.0800
 1954    9    0.0000
 1954   10    0.7500
 1954   11    1.4500
 1954   12   -0.5200
 1955    1    0.4000
 1955    2   -1.7400
 1955    3   -2.2300
 1955    4    0.0000
 1955    5   -0.5700
 1955    6    0.0000
 1955    7   -0.9600
 1955    8   -0.5200
 1955    9   -0.2100
 1955   10    0.3100
 1955   11   -0.9600
 1955   12   -2.0700
 1956    1   -1.3200
 1956    2   -1.0400
 1956    3   -0.6900
 1956    4    0.0700
 1956    5   -0.2900
 1956    6   -0.1800
 1956    7   -0.9200
 1956    8   -0.2000
 1956    9    0.5500
 1956   10   -2.1100
 1956   11    1.0600
 1956   12   -0.3100
 1957    1   -1.1900
 1957    2   -1.1900
 1957    3    1.1000
 1957    4   -0.1700
 1957    5    1.3100
 1957    6    0.1200
 1957    7    0.3300
 1957    8   -0.9600
 1957    9   -0.2200
 1957   10    0.2700
 1957   11    0.5200
 1957   12   -0.4300
 1958    1    0.9900
 1958    2    0.4900
 1958    3    0.4900
 1958    4    0.5700
 1958    5    0.6500
 1958    6    1.2900
 1958    7    1.2400
 1958    8    2.1500
 1958    9   -0.0100
 1958   10    0.1600
 1958   11    0.0900
 1958   12    0.6500
 1959    1   -0.6900
 1959    2   -0.7000
 1959    3    0.5200
 1959    4   -0.6800
 1959    5   -0.4400
 1959    6    0.9100
 1959    7   -0.0300
 1959    8    1.0600
 1959    9    1.4800
 1959   10    0.0600
 1959   11    0.2800
 1959   12    0.6600
 1960    1    0.3800
 1960    2    0.0600
 1960    3   -0.4000
 1960    4    0.1800
 1960    5    1.0300
 1960    6    1.0200
 1960    7    1.6400
 1960    8    1.8800
 1960    9    0.0400
 1960   10    0.2900
 1960   11   -0.5300
 1960   12    1.4600
 1961    1    1.4100
 1961    2    0.3500
 1961    3    0.5900
 1961    4   -0.9200
 1961    5   -0.3800
 1961    6    1.6200
 1961    7   -0.1100
 1961    8    0.5000
 1961    9    1.3700
 1961   10   -1.9100
 1961   11   -0.4100
 1961   12   -1.2400
 1962    1   -0.0700
 1962    2   -0.1800
 1962    3   -0.4300
 1962    4   -1.3000
 1962    5   -1.3600
 1962    6   -1.0100
 1962    7    0.0600
 1962    8    0.6000
 1962    9   -0.9500
 1962   10    1.0600
 1962   11    0.5700
 1962   12   -0.0800
 1963    1    0.5800
 1963    2    0.8100
 1963    3   -1.7900
 1963    4   -0.5600
 1963    5   -1.1700
 1963    6    0.3700
 1963    7   -0.7300
 1963    8   -0.9800
 1963    9    1.1000
 1963   10    0.6900
 1963   11   -0.3100
 1963   12    1.7700
 1964    1    0.1600
 1964    2    1.2400
 1964    3   -1.0400
 1964    4   -1.0900
 1964    5   -2.6800
 1964    6    0.1500
 1964    7    0.6600
 1964    8    0.8600
 1964    9    1.1500
 1964   10    0.5800
 1964   11   -0.8100
 1964   12   -1.7300
 1965    1   -0.2100
 1965    2   -0.5500
 1965    3   -0.5200
 1965    4   -0.8500
 1965    5   -0.5700
 1965    6    1.6700
 1965    7   -0.9000
 1965    8    0.3500
 1965    9    0.4800
 1965   10    1.1400
 1965   11   -0.8400
 1965   12   -1.2600
 1966    1    0.3900
 1966    2   -1.3100
 1966    3    0.7400
 1966    4   -0.3100
 1966    5   -0.2700
 1966    6   -0.0100
 1966    7   -0.8100
 1966    8    1.2900
 1966    9    0.8100
 1966   10   -0.7000
 1966   11   -2.0400
 1966   12    0.0900
 1967    1   -0.4000
 1967    2    0.0700
 1967    3   -2.0000
 1967    4   -1.7200
 1967    5   -1.0100
 1967    6   -0.4100
 1967    7   -0.8800
 1967    8   -0.3200
 1967    9    0.1800
 1967   10    0.8500
 1967   11   -0.3600
 1967   12   -0.8200
 1968    1   -0.8800
 1968    2    1.0500
 1968    3    0.4400
 1968    4   -0.8900
 1968    5    0.1700
 1968    6   -0.1800
 1968    7    0.4100
 1968    8    1.3300
 1968    9   -0.9900
 1968   10    0.2600
 1968   11    0.8800
 1968   12   -1.4400
 1969    1   -1.8000
 1969    2   -1.2500
 1969    3    0.7800
 1969    4    0.7400
 1969    5    1.0600
 1969    6    1.8800
 1969    7    0.9900
 1969    8   -0.6600
 1969    9    1.6200
 1969   10    0.3500
 1969   11    0.1500
 1969   12    1.8400
 1970    1    0.6000
 1970    2    0.9800
 1970    3    0.8100
 1970    4   -0.4300
 1970    5   -0.6600
 1970    6    0.1100
 1970    7    1.2400
 1970    8   -0.5700
 1970    9   -0.4200
 1970   10   -1.0100
 1970   11   -1.1900
 1970   12   -0.7900
 1971    1   -1.3900
 1971    2    0.1000
 1971    3    0.0200
 1971    4    0.4800
 1971    5    1.1400
 1971    6    0.3800
 1971    7   -1.4100
 1971    8   -0.7800
 1971    9    0.2300
 1971   10   -1.3700
 1971   11   -0.2600
 1971   12   -1.4600
 1972    1   -1.4100
 1972    2   -1.4800
 1972    3    0.2000
 1972    4   -1.7600
 1972    5    0.1400
 1972    6   -0.2400
 1972    7   -0.7600
 1972    8   -0.0100
 1972    9    0.2100
 1972   10   -1.5000
 1972   11    0.5600
 1972   12   -0.5600
 1973    1   -0.1800
 1973    2    0.1200
 1973    3    0.8500
 1973    4    0.3600
 1973    5    0.6600
 1973    6    0.8400
 1973    7    0.1700
 1973    8   -0.9200
 1973    9   -0.2800
 1973   10   -0.8200
 1973   11   -1.7300
 1973   12    0.5300
 1974    1   -0.6900
 1974    2   -0.9000
 1974    3   -0.8200
 1974    4   -0.5000
 1974    5   -0.5500
 1974    6   -1.3800
 1974    7    0.3500
 1974    8    0.9300
 1974    9    0.4700
 1974   10    0.6900
 1974   11    0.5700
 1974   12    0.6800
 1975    1   -0.4300
 1975    2   -0.1600
 1975    3   -0.5300
 1975    4   -0.4400
 1975    5    0.5900
 1975    6   -0.3900
 1975    7   -1.1900
 1975    8   -1.0700
 1975    9   -0.2300
 1975   10   -0.7400
 1975   11   -0.6500
 1975   12    0.1400
 1976    1    0.3100
 1976    2   -1.5600
 1976    3   -1.5200
 1976    4    1.1900
 1976    5    0.5600
 1976    6   -1.3400
 1976    7    0.3200
 1976    8   -0.5900
 1976    9    0.0000
 1976   10    0.6800
 1976   11    1.8100
 1976   12    0.5100
 1977    1    1.7500
 1977    2    2.0400
 1977    3   -0.4000
 1977    4   -0.0800
 1977    5   -0.7300
 1977    6    0.4300
 1977    7   -0.6700
 1977    8    2.2200
 1977    9   -0.8200
 1977   10    0.9800
 1977   11   -0.2200
 1977   12   -0.5000
 1978    1    0.6100
 1978    2    1.2700
 1978    3    0.1200
 1978    4    0.0500
 1978    5   -0.9200
 1978    6   -0.9700
 1978    7   -2.1500
 1978    8    0.0500
 1978    9    1.7100
 1978   10    0.4800
 1978   11   -0.4900
 1978   12   -0.7200
 1979    1   -0.6900
 1979    2   -1.8200
 1979    3    0.3800
 1979    4    0.0900
 1979    5    1.3500
 1979    6   -1.6400
 1979    7    0.9900
 1979    8    0.7000
 1979    9    1.2800
 1979   10    1.5300
 1979   11    0.5400
 1979   12   -0.3800
 1980    1   -0.2800
 1980    2    1.7400
 1980    3   -0.3500
 1980    4    1.9600
 1980    5   -0.2800
 1980    6   -0.8600
 1980    7   -0.4200
 1980    8   -1.9900
 1980    9   -0.0500
 1980   10    2.4500
 1980   11    1.3500
 1980   12   -0.2700
 1981    1    2.4200
 1981    2    0.3800
 1981    3    1.6000
 1981    4   -1.0200
 1981    5    1.9800
 1981    6   -0.2000
 1981    7   -0.6400
 1981    8   -1.5000
 1981    9    0.1500
 1981   10   -1.4500
 1981   11    1.2600
 1981   12   -0.1200
 1982    1   -0.8600
 1982    2   -0.6800
 1982    3   -1.4000
 1982    4   -1.8900
 1982    5   -0.7000
 1982    6    1.9300
 1982    7    0.9700
 1982    8    0.3400
 1982    9    1.0500
 1982   10   -0.9300
 1982   11   -0.4800
 1982   12    0.7500
 1983    1    1.1800
 1983    2    1.3000
 1983    3    2.3800
 1983    4    1.2600
 1983    5   -0.1900
 1983    6    1.8700
 1983    7    1.3300
 1983    8    0.5300
 1983    9   -1.5900
 1983   10    0.0900
 1983   11    1.8400
 1983   12   -0.3100
 1984    1    0.9700
 1984    2    0.7700
 1984    3    1.4100
 1984    4    1.7000
 1984    5    0.3200
 1984    6   -0.4400
 1984    7   -2.3400
 1984    8   -1.1100
 1984    9    0.0300
 1984   10   -0.6300
 1984   11    0.4200
 1984   12   -1.6000
 1985    1    1.6300
 1985    2   -0.5200
 1985    3   -0.9200
 1985    4   -1.0600
 1985    5   -1.0300
 1985    6    1.1000
 1985    7    0.2500
 1985    8   -0.5000
 1985    9   -0.7100
 1985   10   -1.5100
 1985   11   -1.9000
 1985   12    1.3900
 1986    1    0.9700
 1986    2    0.5300
 1986    3    0.8300
 1986    4    0.0900
 1986    5   -0.1300
 1986    6    0.2600
 1986    7    0.0700
 1986    8   -1.4500
 1986    9   -0.2900
 1986   10    0.9200
 1986   11   -0.7300
 1986   12    1.3700
 1987    1    1.0000
 1987    2    0.6500
 1987    3    1.1700
 1987    4    1.8300
 1987    5   -1.2600
 1987    6    0.4200
 1987    7   -0.0100
 1987    8    0.7700
 1987    9   -3.0700
 1987   10    0.5300
 1987   11    1.2600
 1987   12    0.8000
 1988    1    0.5300
 1988    2    1.2500
 1988    3    0.6900
 1988    4    1.4000
 1988    5    0.6000
 1988    6    1.1300
 1988    7    2.1600
 1988    8   -0.5900
 1988    9   -1.1100
 1988   10    0.6600
 1988   11    0.1300
 1988   12    0.6300
 1989    1   -0.7200
 1989    2   -1.0600
 1989    3   -1.3000
 1989    4   -0.5400
 1989    5   -0.1400
 1989    6   -0.6300
 1989    7   -0.1800
 1989    8   -0.2400
 1989    9    0.5400
 1989   10   -1.1300
 1989   11   -0.7200
 1989   12    0.8700
 1990    1   -0.3400
 1990    2   -1.8600
 1990    3    0.3400
 1990    4   -0.3900
 1990    5    0.2100
 1990    6   -1.4100
 1990    7    0.1700
 1990    8    1.7900
 1990    9   -0.5000
 1990   10   -0.9700
 1990   11   -1.7300
 1990   12   -1.3200
 1991    1    0.6600
 1991    2    1.0700
 1991    3   -0.9400
 1991    4    0.6400
 1991    5   -0.8100
 1991    6   -0.9700
 1991    7    0.7500
 1991    8   -0.2500
 1991    9    1.4300
 1991   10   -2.2800
 1991   11    0.2400
 1991   12    0.4700
 1992    1    1.2800
 1992    2    0.2900
 1992    3    0.7700
 1992    4   -0.0500
 1992    5    1.2700
 1992    6    1.1700
 1992    7    0.8500
 1992    8   -0.3400
 1992    9   -1.3100
 1992   10    0.2100
 1992   11    0.8500
 1992   12   -1.2300
 1993    1   -0.6500
 1993    2    0.5500
 1993    3    1.2700
 1993    4    1.5400
 1993    5    2.6600
 1993    6    0.5200
 1993    7    0.1500
 1993    8   -0.1400
 1993    9   -1.1200
 1993   10   -0.3000
 1993   11   -0.3600
 1993   12    0.7200
 1994    1   -0.1200
 1994    2   -0.7300
 1994    3    0.5400
 1994    4   -0.4700
 1994    5    0.4500
 1994    6   -1.3800
 1994    7    0.3800
 1994    8   -1.3400
 1994    9   -2.3800
 1994   10   -0.2300
 1994   11   -1.6700
 1994   12    0.6900
 1995    1    0.6600
 1995    2    0.7300
 1995    3    0.3300
 1995    4    0.2900
 1995    5    0.0100
 1995    6    0.7400
 1995    7   -0.3400
 1995    8   -0.3000
 1995    9    1.5200
 1995   10   -0.0500
 1995   11   -0.7500
 1995   12    0.9200
 1996    1   -0.0200
 1996    2   -0.3000
 1996    3   -0.4700
 1996    4    0.7700
 1996    5    0.3200
 1996    6   -1.2100
 1996    7    0.6400
 1996    8   -0.9000
 1996    9   -0.2800
 1996   10   -0.7600
 1996   11   -0.4500
 1996   12   -1.2300
 1997    1    0.6300
 1997    2    0.5600
 1997    3   -1.3000
 1997    4    0.5500
 1997    5    0.7800
 1997    6   -0.3400
 1997    7    0.5600
 1997    8   -0.5200
 1997    9    0.3100
 1997   10   -0.2600
 1997   11    0.9100
 1997   12    1.1600
 1998    1    0.7400
 1998    2    0.8900
 1998    3    1.0100
 1998    4    1.1200
 1998    5   -2.2200
 1998    6   -0.0200
 1998    7    2.2400
 1998    8   -0.5700
 1998    9    0.5500
 1998   10    0.5500
 1998   11    0.7400
 1998   12   -0.0900
 1999    1    0.1600
 1999    2   -0.1200
 1999    3    0.6900
 1999    4    0.3000
 1999    5   -0.1500
 1999    6    0.3000
 1999    7   -0.5400
 1999    8    1.9700
 1999    9    0.4400
 1999   10    0.4100
 1999   11    0.4800
 1999   12    0.2100
 2000    1   -0.8200
 2000    2    1.1200
 2000    3    1.2800
 2000    4   -0.3500
 2000    5   -0.2800
 2000    6   -1.2200
 2000    7   -2.2800
 2000    8   -0.4800
 2000    9   -1.4000
 2000   10    0.2500
 2000   11    0.7400
 2000   12    1.2300
 2001    1    1.5100
 2001    2   -0.1600
 2001    3    0.7000
 2001    4   -0.4700
 2001    5   -0.1100
 2001    6   -0.9400
 2001    7    0.0600
 2001    8   -0.1100
 2001    9    0.1000
 2001   10   -0.2200
 2001   11    1.0900
 2001   12    0.5600
 2002    1   -0.0400
 2002    2    0.1400
 2002    3   -1.3000
 2002    4   -2.2200
 2002    5   -0.7300
 2002    6   -0.0500
 2002    7    0.8800
 2002    8    0.6400
 2002    9    0.7700
 2002   10   -0.6500
 2002   11    1.5400
 2002   12    1.5900
 2003    1    1.2900
 2003    2    0.7300
 2003    3   -0.0700
 2003    4    0.1400
 2003    5   -2.2000
 2003    6   -0.6000
 2003    7    1.2300
 2003    8   -0.2800
 2003    9    0.7600
 2003   10    0.9700
 2003   11   -1.7200
 2003   12    0.8600
 2004    1    0.4100
 2004    2    1.0600
 2004    3    0.3000
 2004    4    0.5100
 2004    5   -1.7600
 2004    6   -0.3700
 2004    7    0.0900
 2004    8    1.5500
 2004    9   -0.0800
 2004   10   -1.3900
 2004   11    0.3100
 2004   12    0.2600
 2005    1    0.0200
 2005    2    0.1400
 2005    3    0.8800
 2005    4    1.2800
 2005    5    1.7400
 2005    6    0.2900
 2005    7    0.4300
 2005    8    0.7200
 2005    9    1.6300
 2005   10    0.9000
 2005   11   -0.7600
 2005   12    1.3800
 2006    1    0.4337
 2006    2   -0.1119
 2006    3   -0.2744
 2006    4    0.4461
 2006    5   -1.2712
 2006    6   -1.0634
 2006    7    1.8340
 2006    8   -1.4073
 2006    9    0.4240
 2006   10   -0.8380
 2006   11   -1.3886
 2006   12    1.8647
 2007    1    0.7169
 2007    2   -0.0874
 2007    3    0.1808
 2007    4    1.2450
 2007    5   -0.0571
 2007    6   -0.3786
 2007    7    2.2087
 2007    8    1.9775
 2007    9    1.8826
 2007   10    0.5504
 2007   11    0.6926
 2007   12    0.1395
 2008    1   -0.3179
 2008    2    0.5006
 2008    3   -0.3225
 2008    4   -0.9707
 2008    5    1.3274
 2008    6   -1.7529
 2008    7   -0.0988
 2008    8    0.9209
 2008    9    1.1173
 2008   10    0.8563
 2008   11    1.1104
 2008   12   -1.4097
 2009    1    0.6060
 2009    2   -0.9476
 2009    3   -1.0245
 2009    4    0.2112
 2009    5   -0.5809
 2009    6    0.3505
 2009    7    1.2175
 2009    8    0.6496
 2009    9    1.2891
 2009   10    0.4310
 2009   11    0.2057
 2009   12    0.3386
 2010    1    1.2536
 2010    2    0.5788
 2010    3    2.0197
 2010    4    1.5365
 2010    5   -0.9322
 2010    6   -0.2042
 2010    7    1.3955
 2010    8    1.1019
 2010    9    1.3359
 2010   10    1.7967
 2010   11   -0.8450
 2010   12   -1.7774
 2011    1    1.2855
 2011    2   -1.5807
 2011    3    0.6887
 2011    4   -1.5859
 2011    5    0.1896
 2011    6    0.2236
 2011    7   -0.3550
 2011    8    1.4217
 2011    9   -0.4196
 2011   10    0.6273
 2011   11   -0.7886
 2011   12    0.3635
 2012    1    0.6035
 2012    2    0.7501
 2012    3    0.1075
 2012    4    0.1542
 2012    5   -0.4228
 2012    6   -0.5009
 2012    7   -0.1625
 2012    8   -0.1709
 2012    9   -0.4217
 2012   10   -1.1764
 2012   11   -1.0950
 2012   12   -1.0097
 2013    1    0.5458
 2013    2    0.4483
 2013    3    0.0380
 2013    4   -1.5574
 2013    5   -0.3636
 2013    6   -0.4348
 2013    7   -0.3068
 2013    8   -0.0293
 2013    9    0.5445
 2013   10   -0.3405
 2013   11   -1.1833
 2013   12   -0.8582
 2014    1    0.9683
 2014    2   -0.9513
 2014    3   -0.2085
 2014    4    0.2465
 2014    5   -0.7633
 2014    6   -1.4583
 2014    7    0.9871
 2014    8    1.3699
 2014    9    0.9892
 2014   10    0.8870
 2014   11    0.6782
 2014   12    0.6689
 2015    1    0.6124
 2015    2    0.5900
 2015    3   -0.2299
 2015    4   -0.1502
 2015    5   -0.1578
 2015    6   -0.1731
 2015    7    0.7612
 2015    8    0.0789
 2015    9   -0.9181
 2015   10    1.7750
 2015   11   -0.1927
 2015   12    0.7771
 2016    1    2.0213
 2016    2    1.4822
 2016    3    0.7278
 2016    4    0.8657
 2016    5   -1.0611
 2016    6   -0.7011
 2016    7    1.0193
 2016    8   -0.8759
 2016    9    0.1820
 2016   10    1.2393
 2016   11    1.5170
 2016   12   -0.3534
 2017    1    0.2800
 2017    2    0.1848
 2017    3    0.2682
 2017    4    0.3966
 2017    5   -0.3112
 2017    6    1.0051
 2017    7    1.8642
 2017    8    0.2317
 2017    9   -0.3308
 2017   10   -0.3980
 2017   11   -2.0568
 2017   12    0.8877
 2018    1    0.3995
 2018    2   -1.0256
 2018    3   -0.8860
 2018    4   -0.9091
 2018    5   -1.3363
 2018    6    0.5115
 2018    7   -0.3674
 2018    8    1.2674
 2018    9    1.4366
 2018   10    0.2100
 2018   11    0.2415
 2018   12    0.8604
 2019    1    0.8342
 2019    2   -1.0760
 2019    3    0.2502
 2019    4   -0.6116
 2019    5   -0.2907
 2019    6    0.1212
 2019    7    1.1116
 2019    8    1.1786
 2019    9    2.0000
 2019   10   -1.0241
 2019   11   -0.0565
 2019   12    0.1809
 2020    1   -0.2369
 2020    2    0.1722
 2020    3   -2.1710
 2020    4   -1.1756
 2020    5    0.2107
 2020    6    0.7038
 2020    7    1.7276
 2020    8    1.8218
 2020    9    0.7536
 2020   10   -1.1312
 2020   11    0.2351
 2020   12    1.5844
 2021    1    0.1861
 2021    2   -0.3074
 2021    3   -0.9688
 2021    4   -1.0486
 2021    5   -1.3469
 2021    6    0.6660
 2021    7    0.5624
 2021    8    0.9547
 2021    9    0.4433
 2021   10    1.1340
 2021   11    0.7215
 2021   12   -2.5584
 2022    1    1.0093
 2022    2    0.6577
 2022    3    0.1348
 2022    4   -0.7350
 2022    5   -0.8263
 2022    6   -0.3128
 2022    7    2.5404
 2022    8    0.7893
 2022    9    0.2093
 2022   10    0.1662
 2022   11   -0.7341
 2022   12   -0.6620
 2023    1    0.2148
 2023    2   -0.6400
 2023    3   -1.6341
 2023    4   -0.4242
 2023    5   -0.8575
 2023    6    0.6870
 2023    7    1.1454
 2023    8    0.4468
 2023    9    1.0582
 2023   10    1.2042
 2023   11    0.5459
 2023   12    1.2143
 2024    1    0.4459
 2024    2    0.0877
 2024    3    0.4514
 2024    4   -0.6526
 2024    5   -2.7412
 2024    6    0.9692
 2024    7    2.5980
 2024    8   -1.0110
 2024    9    1.3435
 2024   10    0.0368
 2024   11    0.0591
 2024   12    1.6988
 2025    1    1.0539
 2025    2    1.4149
 2025    3   -0.0997
 2025    4   -0.8667
 2025    5   -1.6651
 2025    6   -1.1081
 2025    7    0.7391
 2025    8   -0.3614
 2025    9    0.8089
 2025   10    1.4201
 2025   11    0.7854
 2025   12   -1.4130
 2026    1    0.7884
 2026    2   -0.5584
